13:22:19.176 524 243 242 233 5.324221611022949
13:22:19.290 532 244 226 233 5.239288806915283
13:22:20.208 533 238 226 244 4.843661308288574
13:22:20.208 533 238 226 244 4.843661308288574
13:22:20.216 533 238 226 244 4.843661308288574
13:22:20.218 518 243 254 234 5.239288806915283
13:22:20.464 534 249 226 227 5.325076580047607
13:22:20.515 534 249 226 227 5.325076580047607
13:22:20.737 523 242 243 233 5.411227226257324
13:22:20.946 533 243 226 233 5.324636936187744
13:22:21.118 523 242 243 233 5.411227226257324
13:22:21.204 533 245 226 234 5.075751781463623
13:22:21.429 531 242 226 229 5.781156063079834
13:22:21.602 522 238 244 243 4.918519496917725
13:22:21.761 522 243 244 234 5.238903999328613
13:22:21.969 527 240 236 243 4.76936674118042
13:22:22.172 533 243 226 234 5.239697456359863
13:22:22.356 532 244 226 233 5.239288806915283
13:22:22.497 523 243 243 234 5.239288806915283
13:22:22.689 533 248 226 226 5.500811576843262
13:22:22.885 522 248 245 225 5.591769695281982
13:22:23.104 530 244 234 234 5.157185077667236
13:22:23.287 532 238 226 244 4.843283653259277
13:22:23.482 528 243 234 233 5.324221611022949
13:22:23.709 527 242 235 235 5.239288806915283
13:22:23.905 533 243 226 234 5.239697456359863
13:22:24.135 523 243 245 234 5.239697456359863
13:22:24.297 519 243 253 234 5.239697456359863
13:22:24.480 526 242 236 234 5.323830604553223
13:22:24.695 533 244 227 234 5.157185077667236
13:22:24.897 528 242 235 234 5.324636936187744
13:22:25.124 531 244 233 232 5.325541019439697
13:22:25.310 527 243 235 234 5.239288806915283
13:22:25.497 534 244 226 234 5.157185077667236
13:22:25.698 524 243 243 233 5.324636936187744
13:22:25.886 527 244 236 233 5.239288806915283
13:22:26.094 519 243 253 234 5.239697456359863
13:22:26.265 528 247 235 225 5.685915470123291
13:22:26.477 519 243 253 233 5.324636936187744
13:22:26.664 520 243 253 233 5.325076580047607
13:22:26.861 530 243 233 233 5.325076580047607
13:22:27.079 533 243 226 233 5.324636936187744
13:22:27.233 528 243 235 234 5.239697456359863
13:22:27.418 530 244 234 234 5.157185077667236
13:22:27.584 517 243 254 234 5.238903999328613
13:22:27.788 534 248 226 227 5.41209602355957
13:22:28.019 527 243 235 233 5.324221611022949
13:22:28.226 518 242 253 233 5.411227226257324
13:22:28.416 526 244 242 234 5.157185077667236
13:22:28.620 517 242 254 234 5.323830604553223
13:22:28.827 533 244 226 234 5.156759262084961
13:22:29.029 523 243 243 232 5.411227226257324
13:22:29.227 533 244 226 233 5.239697456359863
13:22:29.429 523 242 243 233 5.411227226257324
13:22:29.624 532 244 227 234 5.156759262084961
13:22:29.825 527 243 235 233 5.324221611022949
13:22:30.052 533 245 226 233 5.156759262084961
13:22:30.253 518 242 253 234 5.324221611022949
13:22:30.460 533 245 226 234 5.075751781463623
13:22:30.624 523 242 244 234 5.324221611022949
13:22:30.836 527 243 235 234 5.239288806915283
13:22:31.048 522 243 244 233 5.323830604553223
13:22:31.231 533 244 226 234 5.156759262084961
13:22:31.428 528 246 235 226 5.685915470123291
13:22:31.627 533 243 226 233 5.324636936187744
13:22:31.849 528 244 236 235 5.075751781463623
13:22:32.057 533 247 226 226 5.592206001281738
13:22:32.217 524 239 244 244 4.769739151000977
13:22:32.459 524 244 244 234 5.156759262084961
13:22:32.625 523 238 245 243 4.919264316558838
13:22:32.862 533 244 226 233 5.239697456359863
13:22:33.121 528 243 235 234 5.239697456359863
13:22:33.224 519 244 253 234 5.156759262084961
13:22:33.458 518 244 253 234 5.1563568115234375
13:22:33.631 518 239 253 243 4.843283653259277
13:22:33.821 522 247 245 226 5.591769695281982
13:22:34.120 524 243 244 233 5.324636936187744
13:22:34.276 519 244 253 234 5.156759262084961
13:22:34.466 518 243 253 233 5.324221611022949
13:22:34.681 533 243 226 234 5.239697456359863
13:22:34.862 522 243 245 234 5.239288806915283
13:22:35.145 524 244 242 232 5.324221611022949
13:22:35.282 527 243 235 233 5.324221611022949
13:22:35.480 519 243 253 234 5.239697456359863
13:22:35.682 532 243 226 234 5.239288806915283
13:22:35.889 517 243 254 233 5.323830604553223
13:22:36.129 527 244 235 233 5.239288806915283
13:22:36.305 519 243 253 234 5.239697456359863
13:22:36.488 527 243 235 233 5.324221611022949
13:22:36.699 519 243 253 234 5.239697456359863
13:22:36.895 528 242 234 233 5.411227226257324
13:22:37.108 524 242 243 233 5.411649227142334
13:22:37.274 528 243 235 233 5.324636936187744
13:22:37.471 523 243 245 234 5.239697456359863
13:22:37.657 517 243 254 234 5.238903999328613
13:22:37.907 523 243 244 233 5.324221611022949
13:22:38.135 523 242 243 233 5.411227226257324
13:22:38.302 525 243 249 230 5.594208240509033
13:22:38.505 518 243 253 233 5.324221611022949
13:22:38.688 524 243 242 232 5.411227226257324
13:22:38.908 518 243 254 234 5.239288806915283
13:22:39.102 518 243 254 233 5.324221611022949
13:22:39.296 528 243 236 233 5.324636936187744
13:22:39.497 513 241 259 228 5.980541229248047
13:22:39.707 530 244 234 233 5.240130424499512
13:22:39.910 523 242 243 233 5.411227226257324
13:22:40.129 523 242 243 228 5.88018798828125
13:22:40.308 521 241 247 228 5.981391906738281
13:22:40.494 538 243 226 230 5.594772815704346
13:22:40.722 528 243 235 233 5.324636936187744
13:22:40.903 533 243 226 234 5.239697456359863
13:22:41.194 514 241 259 228 5.980952739715576
13:22:41.372 528 243 235 233 5.324636936187744
13:22:41.555 542 246 226 233 5.080365180969238
13:22:41.731 524 242 243 232 5.500811576843262
13:22:41.939 529 243 234 233 5.324636936187744
13:22:42.132 523 244 244 233 5.239288806915283
13:22:42.371 535 242 226 233 5.412568092346191
13:22:42.545 518 243 254 234 5.239288806915283
13:22:42.732 528 243 234 234 5.239288806915283
13:22:42.956 518 243 253 234 5.239288806915283
13:22:43.135 528 246 236 227 5.592206001281738
13:22:43.354 516 243 254 234 5.238543510437012
13:22:43.556 519 243 253 233 5.324636936187744
13:22:43.749 519 238 251 237 5.411227226257324
13:22:43.992 533 244 226 233 5.239697456359863
13:22:44.113 523 244 245 235 5.075751781463623
13:22:44.308 526 242 235 228 5.879756450653076
13:22:44.489 528 243 234 233 5.324221611022949
13:22:44.698 531 238 226 243 4.918519496917725
13:22:44.893 526 244 236 235 5.0749831199646
13:22:45.143 517 242 253 233 5.410829544067383
13:22:45.298 517 243 254 234 5.238903999328613
13:22:45.498 515 241 259 228 5.981391906738281
13:22:45.699 534 243 226 232 5.41209602355957
13:22:45.895 514 241 259 228 5.980952739715576
13:22:46.135 523 241 243 228 5.981391906738281
13:22:46.344 528 244 234 234 5.1563568115234375
13:22:46.491 529 243 234 233 5.324636936187744
13:22:46.690 527 244 235 234 5.1563568115234375
13:22:46.944 524 243 242 232 5.411227226257324
13:22:47.094 522 242 244 229 5.781156063079834
13:22:47.289 535 244 226 233 5.24058723449707
13:22:47.487 517 243 254 234 5.238903999328613
13:22:47.669 533 244 226 233 5.239697456359863
13:22:47.875 524 242 243 233 5.411649227142334
13:22:48.085 529 244 234 234 5.156759262084961
13:22:48.293 523 247 245 226 5.592206001281738
13:22:48.467 523 244 244 234 5.1563568115234375
13:22:48.678 525 241 237 229 5.879756450653076
13:22:48.872 527 244 236 234 5.1563568115234375
13:22:49.115 526 241 234 229 5.879351615905762
13:22:49.276 534 246 226 221 6.1930108070373535
13:22:49.490 516 243 254 234 5.238543510437012
13:22:49.683 518 243 253 233 5.324221611022949
13:22:49.881 529 247 234 226 5.592206001281738
13:22:50.091 534 247 226 227 5.501266002655029
13:22:50.275 519 242 253 233 5.411649227142334
13:22:50.501 519 243 253 234 5.239697456359863
13:22:50.664 530 244 234 234 5.157185077667236
13:22:50.873 532 243 226 234 5.239288806915283
13:22:51.093 518 243 254 233 5.324221611022949
13:22:51.277 529 242 233 233 5.411649227142334
13:22:51.489 519 243 253 234 5.239697456359863
13:22:51.659 532 246 226 226 5.685472011566162
13:22:51.866 518 242 253 234 5.324221611022949
13:22:52.079 518 242 252 227 5.980952739715576
13:22:52.203 525 243 242 233 5.324636936187744
13:22:52.397 527 242 236 233 5.411227226257324
13:22:52.592 534 244 226 233 5.240130424499512
13:22:52.817 518 242 254 234 5.324221611022949
13:22:53.056 523 243 245 234 5.239697456359863
13:22:53.214 527 243 236 234 5.239288806915283
13:22:53.398 536 244 226 230 5.502250671386719
13:22:53.622 519 242 253 234 5.324636936187744
13:22:53.803 524 243 244 233 5.324636936187744
13:22:54.047 527 246 236 226 5.685472011566162
13:22:54.225 534 243 226 234 5.240130424499512
13:22:54.402 517 243 253 234 5.238903999328613
13:22:54.601 534 242 226 229 5.7825093269348145
13:22:54.803 521 243 245 235 5.155978679656982
13:22:55.026 529 243 234 234 5.239697456359863
13:22:55.200 517 242 254 234 5.323830604553223
13:22:55.403 518 243 253 234 5.239288806915283
13:22:55.605 518 241 250 228 5.980541229248047
13:22:55.801 524 243 243 233 5.324636936187744
13:22:56.046 518 242 254 234 5.324221611022949
13:22:56.200 523 243 243 233 5.324221611022949
13:22:56.404 518 242 253 234 5.324221611022949
13:22:56.590 528 244 235 234 5.156759262084961
13:22:56.799 527 238 235 244 4.843283653259277
13:22:57.101 514 241 259 228 5.980952739715576
13:22:57.242 524 238 242 244 4.843283653259277
13:22:57.432 526 243 242 233 5.325076580047607
13:22:57.637 531 244 226 233 5.238903999328613
13:22:57.863 518 243 253 234 5.239288806915283
13:22:58.075 527 243 235 234 5.239288806915283
13:22:58.235 523 243 244 233 5.324221611022949
13:22:58.439 533 243 226 233 5.324636936187744
13:22:58.631 523 242 243 233 5.411227226257324
13:22:58.841 522 238 245 244 4.843283653259277
13:22:59.102 528 243 234 233 5.324221611022949
13:22:59.280 531 239 226 243 4.842927932739258
13:22:59.458 531 252 226 220 5.685054779052734
13:22:59.652 531 248 226 226 5.499978542327881
13:22:59.856 532 256 226 212 6.085298538208008
13:23:00.128 537 259 218 212 5.782031536102295
13:23:00.286 550 267 190 199 6.301660537719727
13:23:00.508 552 266 191 202 6.086806774139404
13:23:00.665 552 278 191 179 7.4446845054626465
13:23:00.895 565 278 160 178 7.589788913726807
13:23:01.083 565 291 160 150 10.529995918273926
13:23:01.368 576 291 135 150 10.52922248840332
13:23:01.472 577 294 135 150 9.803376197814941
13:23:01.737 578 295 131 150 9.579127311706543
13:23:39.472 516 318 365 252 1.5362542867660522
13:23:39.684 516 318 366 252 1.5362542867660522
13:23:39.860 516 317 366 252 1.55521559715271
13:23:40.079 509 317 369 252 1.5530587434768677
13:23:40.292 506 319 370 252 1.5142186880111694
13:23:40.453 508 324 367 251 1.4417989253997803
13:23:40.635 495 319 379 252 1.5120389461517334
13:23:40.873 502 319 371 252 1.5130982398986816
13:23:41.099 503 321 371 246 1.5895466804504395
13:23:41.313 512 317 352 252 1.5506995916366577
13:23:41.495 503 317 370 252 1.5506995916366577
13:23:41.690 495 317 379 252 1.5496140718460083
13:23:41.900 502 320 371 251 1.5130982398986816
13:23:42.129 496 320 379 252 1.49390709400177
13:23:42.347 505 319 370 251 1.5325425863265991
13:23:42.512 502 316 358 252 1.567355990409851
13:23:42.704 520 321 319 246 1.5863380432128906
13:23:42.923 518 322 319 252 1.4550745487213135
13:23:43.128 518 321 318 252 1.4728319644927979
13:23:43.328 518 322 319 252 1.4550745487213135
13:23:43.537 519 321 319 252 1.4734077453613281
13:23:43.751 518 322 319 252 1.4550745487213135
13:23:43.947 519 321 319 252 1.4734077453613281
13:23:44.151 519 320 318 252 1.4913594722747803
13:23:44.383 518 322 318 252 1.4547934532165527
13:23:44.552 518 321 318 252 1.4728319644927979
13:23:44.741 518 323 319 251 1.4550745487213135
13:23:44.981 518 322 319 252 1.4550745487213135
13:23:45.103 518 321 319 252 1.4731165170669556
13:23:45.335 516 324 319 252 1.4190374612808228
13:23:45.521 518 323 318 251 1.4547934532165527
13:23:45.725 518 321 319 252 1.4731165170669556
13:23:45.911 517 320 319 252 1.491071343421936
13:23:46.131 517 321 319 252 1.4728319644927979
13:23:46.345 518 320 319 245 1.624970555305481
13:23:46.563 518 320 319 245 1.624970555305481
13:23:46.743 518 319 319 245 1.644946575164795
13:23:46.922 518 321 319 252 1.4731165170669556
13:23:47.153 518 321 319 245 1.605224370956421
13:23:47.320 517 321 319 252 1.4728319644927979
13:23:47.502 519 320 319 245 1.6252918243408203
13:23:47.698 518 321 319 246 1.5857038497924805
13:23:47.915 518 321 319 252 1.4731165170669556
13:23:48.145 517 321 319 251 1.491071343421936
13:23:48.304 517 321 319 251 1.491071343421936
13:23:48.518 520 318 318 252 1.528762698173523
13:23:48.699 518 320 319 246 1.605224370956421
13:23:48.927 518 321 319 252 1.4731165170669556
13:23:49.144 517 321 319 252 1.4728319644927979
13:23:49.310 518 320 319 246 1.605224370956421
13:23:49.510 519 320 319 245 1.6252918243408203
13:23:49.734 519 320 319 245 1.6252918243408203
13:23:49.852 518 322 319 251 1.4731165170669556
13:23:50.063 517 322 319 252 1.4547934532165527
13:23:50.239 519 329 319 235 1.645271897315979
13:23:50.445 518 321 319 252 1.4731165170669556
13:23:50.651 518 330 319 235 1.624970555305481
13:23:50.800 518 321 319 252 1.4731165170669556
13:23:51.017 518 321 319 245 1.605224370956421
13:23:51.243 516 324 319 251 1.4366812705993652
13:23:51.377 518 321 319 252 1.4731165170669556
13:23:51.518 516 320 319 252 1.4907900094985962
13:23:51.721 518 320 319 246 1.605224370956421
13:23:51.978 518 320 319 245 1.624970555305481
13:23:52.157 517 322 319 252 1.4547934532165527
13:23:52.371 517 321 319 252 1.4728319644927979
13:23:52.541 517 321 319 252 1.4728319644927979
13:23:52.774 517 321 319 252 1.4728319644927979
13:23:52.954 519 320 319 245 1.6252918243408203
13:23:53.176 517 320 319 252 1.491071343421936
13:23:53.377 515 323 319 252 1.436416745185852
13:23:53.571 515 324 319 251 1.436416745185852
13:23:53.770 519 326 318 230 1.8135359287261963
13:23:54.054 518 320 319 244 1.644946575164795
13:23:54.151 517 319 319 245 1.644628882408142
13:23:54.391 514 315 318 251 1.6037468910217285
13:23:54.577 515 313 319 244 1.790553331375122
13:23:54.812 516 314 318 243 1.790553331375122
13:23:54.937 517 314 319 243 1.7912211418151855
13:23:55.173 517 325 319 230 1.8354198932647705
13:23:55.368 516 314 319 243 1.790883183479309
13:23:55.537 516 319 319 246 1.6243501901626587
13:23:55.662 516 314 319 243 1.790883183479309
13:23:55.896 516 314 318 243 1.790553331375122
13:23:56.111 514 334 319 212 2.0474085807800293
13:23:56.327 513 322 319 234 1.8118667602539062
13:23:56.495 516 315 319 243 1.7691876888275146
13:23:56.701 514 333 319 212 2.0726242065429688
13:23:56.929 516 314 319 243 1.790883183479309
13:23:57.104 515 314 319 244 1.768862009048462
13:23:57.245 515 315 319 243 1.768862009048462
13:23:57.444 514 312 319 245 1.790231704711914
13:23:57.673 513 323 319 234 1.7899181842803955
13:23:57.836 514 319 319 252 1.5086807012557983
13:23:58.129 511 314 319 252 1.603206992149353
13:23:58.270 513 314 319 238 1.9024078845977783
13:23:58.488 511 314 319 252 1.603206992149353
13:23:58.671 511 314 319 252 1.603206992149353
13:23:58.849 511 323 319 235 1.76763916015625
13:23:59.165 511 314 319 252 1.603206992149353
13:23:59.364 511 322 318 236 1.7673535346984863
13:23:59.561 511 322 319 235 1.7893155813217163
13:23:59.734 510 320 319 230 1.9484286308288574
13:24:00.020 511 314 319 252 1.603206992149353
13:24:00.160 511 322 319 236 1.76763916015625
13:24:00.321 510 315 319 243 1.7673535346984863
13:24:00.543 510 321 319 230 1.9247963428497314
13:24:00.703 511 323 319 235 1.76763916015625
13:24:00.981 511 334 319 212 2.046360731124878
13:24:01.171 511 323 319 235 1.76763916015625
13:24:01.370 512 324 318 236 1.725061297416687
13:24:01.539 511 323 319 235 1.76763916015625
13:24:01.771 510 324 319 236 1.7247824668884277
13:24:02.014 511 323 319 235 1.76763916015625
13:24:02.200 511 314 319 252 1.603206992149353
13:24:02.450 511 314 319 252 1.603206992149353
13:24:02.637 510 323 319 236 1.7459402084350586
13:24:02.840 511 336 319 212 1.9969255924224854
13:24:03.037 511 323 319 235 1.76763916015625
13:24:03.228 511 323 318 235 1.7673535346984863
13:24:03.452 511 323 319 235 1.76763916015625
13:24:03.607 510 315 319 252 1.583455204963684
13:24:03.847 510 320 319 230 1.9484286308288574
13:24:04.072 510 314 319 252 1.6029479503631592
13:24:04.228 509 324 319 234 1.767076015472412
13:24:04.452 510 322 319 236 1.7673535346984863
13:24:04.633 510 322 319 236 1.7673535346984863
13:24:04.812 511 314 319 252 1.603206992149353
13:24:05.063 510 312 319 252 1.6426138877868652
13:24:05.180 510 314 319 252 1.6029479503631592
13:24:05.421 504 334 319 212 2.0442426204681396
13:24:05.600 517 321 303 239 1.724511742591858
13:24:05.814 508 314 318 242 1.8101357221603394
13:24:06.034 508 321 319 231 1.900871753692627
13:24:06.216 504 334 319 212 2.0442426204681396
13:24:06.426 513 330 306 212 2.147552967071533
13:24:06.674 504 315 318 238 1.8765292167663574
13:24:06.866 501 314 319 238 1.8990856409072876
13:24:07.071 507 329 304 212 2.1721999645233154
13:24:07.251 515 328 285 212 2.1988518238067627
13:24:07.492 521 334 269 212 2.0423829555511475
13:24:07.654 522 327 268 212 2.225656747817993
13:24:07.858 517 328 268 212 2.197489023208618
13:24:08.090 521 327 268 212 2.225449323654175
13:24:08.258 520 325 269 212 2.281062602996826
13:24:08.470 515 327 268 212 2.2244200706481934
13:24:08.635 516 325 269 212 2.280317544937134
13:24:08.824 511 326 268 212 2.251535654067993
13:24:09.094 510 325 268 212 2.279417037963867
13:24:09.324 509 327 268 212 2.223759412765503
13:24:09.493 507 330 268 212 2.1430516242980957
13:24:09.679 513 327 258 212 2.2236850261688232
13:24:09.903 507 330 268 212 2.1430516242980957
13:24:10.096 506 325 268 212 2.2791335582733154
13:24:10.312 506 330 269 212 2.1430516242980957
13:24:10.466 505 330 269 212 2.1429998874664307
13:24:10.670 506 330 268 212 2.1429998874664307
13:24:10.886 504 327 268 212 2.2234904766082764
13:24:11.126 508 325 262 212 2.2790889739990234
13:24:11.381 508 324 261 212 2.3074512481689453
13:24:11.594 504 325 269 212 2.2790889739990234
13:24:11.756 504 323 268 212 2.3361759185791016
13:24:12.001 503 324 268 212 2.3073928356170654
13:24:12.223 499 325 269 212 2.2790236473083496
13:24:12.399 519 330 226 202 2.4249379634857178
13:24:12.572 512 340 226 179 2.8586525917053223
13:24:12.828 510 341 226 178 2.8589489459991455
13:24:13.019 510 342 226 178 2.8224947452545166
13:24:13.213 506 343 227 178 2.787135601043701
13:24:13.405 501 344 226 178 2.753181219100952
13:24:13.633 500 343 226 179 2.7534568309783936
13:24:13.863 499 344 226 178 2.7537448406219482
13:24:14.078 498 343 226 179 2.7540457248687744
13:24:14.181 496 341 226 179 2.8259975910186768
